1 0
2 1
3 1
4 1
5 1
6 1
7 1
8 1
9 1
10 1
11 1
12 1
13 1
14 1
15 1
16 1
17 1
18 1
19 1
20 1
21 1
22 1
23 1
24 1
25 1
26 1
27 1
28 1
29 1
30 1
31 1
32 1
33 1
34 1
35 1
36 1
37 1
38 1
39 1
40 1
41 1
42 1
43 1
44 1
45 1
46 1
47 1
48 1
49 1
50 1
51 1
52 1
53 1
54 1
55 1
56 1
57 1
58 1
59 1
60 1
61 1
62 1
63 1
64 1
65 1
66 1
67 1
68 1
69 1
70 1
71 1
72 1
73 1
74 1
75 1
76 1
77 1
78 1
79 1
80 1
81 1
82 1
83 1
84 1
85 1
86 1
87 1
88 1
89 1
90 1
91 1
92 1
93 1
94 1
95 1
96 1
97 1
98 1
99 1
100 1
101 1
102 1
103 1
104 1
105 1
106 1
107 1
108 1
109 1
110 1
111 1
112 1
113 1
114 1
115 1
116 1
117 1
118 1
119 1
120 1
121 1
122 1
123 1
124 1
125 1
126 1
127 1
128 43
129 43
130 43
131 43
132 43
133 43
134 43
135 43
136 43
137 43
138 43
139 43
140 43
141 43
142 43
143 43
144 43
145 43
146 43
147 43
148 43
149 53
150 53
151 53
152 53
153 53
154 53
155 53
156 53
157 53
158 53
159 53
160 53
161 53
162 53
163 53
164 53
165 53
166 53
167 53
168 53
169 53
170 53
171 53
172 53
173 53
174 53
175 53
176 53
177 53
178 53
179 63
180 63
181 63
182 61
183 61
184 61
185 62
186 62
187 62
188 63
189 63
190 63
191 64
192 64
193 64
194 65
195 65
196 65
197 66
198 66
199 66
200 67
201 67
202 67
203 68
204 68
205 68
206 69
207 69
208 69
209 70
210 70
211 70
212 71
213 71
214 71
215 72
216 72
217 72
218 73
219 73
220 73
221 74
222 74
223 74
224 75
225 75
226 75
227 76
228 76
229 76
230 77
231 77
232 78
233 78
234 78
235 78
236 79
237 79
238 79
239 80
240 80
241 80
242 81
243 80
244 80
245 80
246 80
247 80
248 80
249 80
250 80
251 80
252 80
253 80
254 80
255 80
256 86
257 86
258 86
259 86
260 86
261 86
262 86
263 86
264 86
265 86
266 86
267 86
268 86
269 96
270 96
271 95
272 95
273 95
274 95
275 95
276 95
277 95
278 95
279 95
280 95
281 95
282 95
283 95
284 95
285 95
286 95
287 93
288 93
289 93
290 93
291 93
292 93
293 93
294 93
295 93
296 93
297 93
298 93
299 100
300 100
301 100
302 100
303 100
304 100
305 100
306 100
307 100
308 100
309 100
310 100
311 100
312 100
313 100
314 100
315 100
316 100
317 100
318 100
319 100
320 100
321 100
322 100
323 100
324 100
325 100
326 100
327 100
328 100
329 100
330 100
331 100
332 100
333 100
334 100
335 100
336 100
337 100
338 100
339 100
340 100
341 100
342 100
343 111
344 111
345 111
346 111
347 111
348 111
349 111
350 111
351 111
352 111
353 111
354 111
355 111
356 111
357 111
358 111
359 121
360 121
361 121
362 121
363 121
364 121
365 121
366 121
367 121
368 121
369 121
370 121
371 121
372 121
373 121
374 111
375 121
376 121
377 121
378 121
379 121
380 121
381 121
382 121
383 121
384 121
385 121
386 121
387 121
388 121
389 131
390 131
391 131
392 131
393 131
394 132
395 132
396 132
397 132
398 132
399 132
400 132
401 132
402 132
403 132
404 132
405 132
406 132
407 132
408 132
409 132
410 132
411 132
412 132
413 132
414 132
415 132
416 132
417 132
418 132
419 132
420 132
421 132
422 132
423 132
424 132
425 132
426 132
427 132
428 132
429 132
430 132
431 132
432 132
433 132
434 132
435 132
436 132
437 132
438 132
439 132
440 132
441 132
442 132
443 132
444 132
445 132
446 132
447 132
448 132
449 132
450 132
451 132
452 132
453 132
454 132
455 132
456 132
457 132
458 132
459 132
460 132
461 132
462 132
463 132
464 132
465 132
466 132
467 132
468 132
469 132
470 132
471 132
472 132
473 132
474 132
475 132
476 132
477 132
478 132
479 132
480 132
481 132
482 132
483 132
484 132
485 132
486 132
487 132
488 132
489 132
490 132
491 132
492 132
493 132
494 132
495 132
496 132
497 132
498 132
499 132
500 132
501 132
502 132
503 132
504 132
505 132
506 132
507 132
508 132
509 132
510 132
511 180
512 180
513 180
514 180
515 180
516 180
517 180
518 180
519 180
520 180
521 180
522 180
523 180
524 180
525 180
526 180
527 180
528 180
529 180
530 180
531 180
532 180
533 180
534 180
535 180
536 180
537 180
538 180
539 180
540 180
541 180
542 180
543 180
544 180
545 180
546 180
547 180
548 180
549 180
550 180
551 180
552 180
553 180
554 180
555 180
556 180
557 180
558 180
559 180
560 180
561 187
562 187
563 187
564 187
565 187
566 187
567 187
568 187
569 187
570 187
571 187
572 187
573 187
574 187
575 187
576 187
577 187
578 187
579 187
580 187
581 135
582 135
583 135
584 135
585 135
586 135
587 135
588 135
589 135
590 135
591 135
592 135
593 135
594 135
595 135
596 135
597 135
598 135
599 235
600 235
601 235
602 235
603 235
604 235
605 222
606 222
607 222
608 222
609 222
610 222
611 222
612 222
613 222
614 222
615 222
616 222
617 222
618 222
619 222
620 222
621 452
622 452
623 452
624 452
625 452
626 452
627 452
628 452
629 452
630 452
631 452
632 452
633 452
634 452
635 452
636 452
637 452
638 452
639 222
640 452
641 639
642 639
643 639
644 639
645 639
646 639
647 639
648 639
649 639
650 639
651 639
652 639
653 639
654 639
655 639
656 639
657 639
658 639
659 639
660 639
661 626
662 626
663 626
664 626
665 626
666 626
667 626
668 626
669 626
670 626
671 626
672 626
673 626
674 626
675 626
676 626
677 626
678 626
679 626
680 626
681 626
682 626
683 626
684 626
685 626
686 626
687 626
688 626
689 626
690 626
691 626
692 626
693 626
694 626
695 626
696 626
697 626
698 626
699 626
700 626
701 234
702 234
703 234
704 234
705 324
706 324
707 324
708 324
709 324
710 324
711 324
712 324
713 324
714 324
715 324
716 324
717 324
718 324
719 718
720 718
721 718
722 718
723 718
724 718
725 718
726 718
727 718
728 718
729 718
730 718
731 718
732 718
733 718
734 718
735 718
736 718
737 718
738 718
739 718
740 718
741 247
742 247
743 248
744 248
745 248
746 249
747 249
748 249
749 250
750 250
751 250
752 251
753 251
754 251
755 251
756 251
757 251
758 251
759 251
760 251
761 400
762 400
763 400
764 400
765 400
766 400
767 400
768 400
769 400
770 400
771 400
772 400
773 400
774 400
775 400
776 400
777 400
778 400
779 400
780 400
781 400
782 400
783 400
784 400
785 400
786 400
787 400
788 400
789 400
790 400
791 400
792 400
793 400
794 400
795 400
796 400
797 400
798 400
799 400
800 400
801 400
802 400
803 400
804 400
805 400
806 400
807 400
808 400
809 400
810 400
811 400
812 400
813 400
814 400
815 400
816 400
817 400
818 400
819 400
820 400
821 400
822 400
823 400
824 400
825 400
826 400
827 400
828 400
829 400
830 400
831 400
832 400
833 400
834 400
835 400
836 400
837 400
838 400
839 400
840 400
841 400
842 400
843 400
844 400
845 400
846 400
847 400
848 400
849 400
850 400
851 400
852 400
853 400
854 400
855 400
856 400
857 400
858 400
859 400
860 400
861 400
862 400
863 400
864 400
865 400
866 400
867 400
868 400
869 400
870 400
871 400
872 400
873 400
874 400
875 400
876 400
877 400
878 400
879 400
880 400
881 400
882 400
883 400
884 400
885 400
886 400
887 400
888 400
889 400
890 400
891 400
892 400
893 400
894 400
895 400
896 400
897 400
898 400
899 400
900 400
901 400
902 400
903 400
904 400
905 400
906 400
907 400
908 400
909 400
910 400
911 400
912 400
913 400
914 400
915 400
916 400
917 400
918 400
919 400
920 400
921 400
922 400
923 400
924 400
925 400
926 400
927 400
928 400
929 714
930 714
931 714
932 714
933 714
934 714
935 714
936 714
937 714
938 714
939 714
940 714
941 714
942 714
943 714
944 714
945 714
946 714
947 714
948 714
949 714
950 714
951 714
952 714
953 821
954 821
955 821
956 821
957 821
958 821
959 821
960 821
961 821
962 821
963 821
964 821
965 821
966 821
967 821
968 821
969 821
970 821
971 821
972 821
973 821
974 821
975 821
976 821
977 821
978 821
979 821
980 821
981 821
982 821
983 821
984 927
985 927
986 927
987 927
988 927
989 927
990 927
991 927
992 927
993 927
994 927
995 927
996 927
997 927
998 927
999 927
1000 57
1001 57
1002 57
1003 57
1004 57
1005 57
1006 57
1007 57
1008 57
1009 57
1010 57
1011 57
1012 57
1013 57
1014 57
1015 57
1016 57
1017 57
1018 57
1019 57
1020 57
1021 57
1022 57
1023 57
1024 57
1025 57
1026 57
1027 57
1028 57
1029 57
1030 57
1031 57
1032 57
1033 57
1034 57
1035 57
1036 57
1037 57
1038 57
1039 57
1040 57
1041 57
1042 57
1043 57
1044 57
1045 57
1046 57
1047 57
1048 57
1049 57
1050 57
1051 57
1052 57
1053 57
1054 57
1055 57
1056 118
1057 118
1058 118
1059 118
1060 118
1061 118
1062 118
1063 118
1064 118
1065 118
1066 118
1067 118
1068 118
1069 118
1070 118
1071 118
1072 118
1073 118
1074 118
1075 118
1076 118
1077 118
1078 118
1079 118
1080 118
1081 118
1082 118
1083 118
1084 118
1085 118
1086 118
1087 118
1088 118
1089 118
1090 118
1091 118
1092 118
1093 118
1094 118
1095 118
1096 118
1097 118
1098 118
1099 118
1100 118
1101 118
1102 118
1103 118
1104 118
1105 118
1106 118
1107 118
1108 118
1109 118
1110 118
1111 370
1112 118
1113 118
1114 118
1115 118
1116 118
1117 118
1118 118
1119 118
1120 118
1121 118
1122 118
1123 118
1124 118
1125 118
1126 118
1127 118
1128 118
1129 118
1130 118
1131 118
1132 118
1133 118
1134 118
1135 118
1136 118
1137 118
1138 118
1139 118
1140 118
1141 118
1142 118
1143 118
1144 118
1145 118
1146 118
1147 118
1148 118
1149 118
1150 118
1151 118
1152 118
1153 118
1154 118
1155 118
1156 118
1157 118
1158 118
1159 118
1160 118
1161 1079
1162 1079
1163 1079
1164 1079
1165 1079
1166 1079
1167 1079
1168 1079
1169 1079
1170 1079
1171 1079
1172 1079
1173 1079
1174 1079
1175 1079
1176 1079
1177 1079
1178 1079
1179 1079
1180 1079
1181 1079
1182 1079
1183 1079
1184 1079
1185 1079
1186 1079
1187 1079
1188 1079
1189 1079
1190 1079
1191 1079
1192 1079
1193 1079
1194 1079
1195 1079
1196 1079
1197 1079
1198 1079
1199 1079
1200 1079
1201 1079
1202 1079
1203 1079
1204 1079
1205 1079
1206 1079
1207 1079
1208 1079
1209 1079
1210 1079
1211 1079
1212 1079
1213 1079
1214 1079
1215 1079
1216 1079
1217 1079
1218 1079
1219 1079
1220 1079
1221 1079
1222 1079
1223 1079
1224 1079
1225 1079
1226 1079
1227 1079
1228 1079
1229 1079
1230 1079
1231 110
1232 110
1233 110
1234 110
1235 110
1236 110
1237 110
1238 110
1239 110
1240 110
1241 110
1242 110
1243 110
1244 110
1245 110
1246 110
1247 110
1248 110
1249 110
1250 110
1251 110
1252 110
1253 110
1254 110
1255 110
1256 110
1257 110
1258 110
1259 110
1260 110
1261 110
1262 110
1263 110
1264 110
1265 110
1266 110
1267 110
1268 110
1269 110
1270 110
1271 110
1272 110
1273 110
1274 110
1275 110
1276 110
1277 110
1278 110
1279 110
1280 110
1281 88
1282 88
1283 88
1284 88
1285 88
1286 88
1287 88
1288 88
1289 88
1290 88
1291 88
1292 88
1293 88
1294 88
1295 88
1296 88
1297 88
1298 88
1299 433
1300 88
1301 88
1302 434
1303 434
1304 88
1305 88
1306 435
1307 436
1308 88
1309 436
1310 437
1311 88
1312 437
1313 88
1314 88
1315 88
1316 88
1317 439
1318 88
1319 440
1320 88
1321 440
1322 441
1323 441
1324 88
1325 442
1326 442
1327 88
1328 443
1329 88
1330 88
1331 444
1332 88
1333 88
1334 445
1335 445
1336 445
1337 88
1338 446
1339 88
1340 447
1341 447
1342 88
1343 448
1344 88
1345 88
1346 449
1347 88
1348 449
1349 88
1350 450
1351 88
1352 1234
1353 1234
1354 1234
1355 1234
1356 1234
1357 1234
1358 1234
1359 1234
1360 1234
1361 1234
1362 1234
1363 1234
1364 1234
1365 1234
1366 1234
1367 1234
1368 1234
1369 1234
1370 1234
1371 1234
1372 1234
1373 1234
1374 1234
1375 1234
1376 1234
1377 1234
1378 1234
1379 1234
1380 1234
1381 1234
1382 1234
1383 1234
1384 1234
1385 1234
1386 1234
1387 1234
1388 1234
1389 1234
1390 1234
1391 1234
1392 1234
1393 1234
1394 1234
1395 1234
1396 1234
1397 1234
1398 1234
1399 1234
1400 1234
1401 1234
1402 1234
1403 1234
1404 1234
1405 1234
1406 1234
1407 1234
1408 1234
1409 1234
1410 1234
1411 1234
1412 1234
1413 1234
1414 1234
1415 1234
1416 1234
1417 1234
1418 1234
1419 1234
1420 1234
1421 1234
1422 1234
1423 1234
1424 1234
1425 1234
1426 1234
1427 1234
1428 1234
1429 1234
1430 1234
