1 0
2 1
3 1
4 1
5 1
6 1
7 1
8 1
9 1
10 1
11 1
12 1
13 1
14 1
15 1
16 1
17 1
18 1
19 1
20 1
21 1
22 1
23 1
24 1
25 1
26 1
27 1
28 1
29 1
30 1
31 1
32 1
33 1
34 1
35 1
36 1
37 1
38 1
39 1
40 1
41 1
42 1
43 1
44 1
45 1
46 1
47 1
48 1
49 1
50 1
51 1
52 1
53 1
54 1
55 1
56 1
57 1
58 1
59 1
60 1
61 1
62 1
63 1
64 1
65 1
66 1
67 1
68 1
69 1
70 1
71 1
72 1
73 1
74 1
75 1
76 1
77 1
78 1
79 1
80 1
81 1
82 1
83 1
84 1
85 1
86 1
87 1
88 1
89 1
90 1
91 1
92 1
93 1
94 1
95 1
96 1
97 1
98 1
99 1
100 1
101 1
102 1
103 1
104 1
105 1
106 1
107 1
108 1
109 1
110 1
111 1
112 1
113 1
114 1
115 1
116 1
117 1
118 1
119 1
120 1
121 1
122 1
123 1
124 1
125 1
126 1
127 1
128 43
129 43
130 43
131 43
132 43
133 43
134 43
135 43
136 43
137 43
138 43
139 43
140 43
141 43
142 43
143 43
144 43
145 43
146 43
147 43
148 43
149 53
150 53
151 53
152 53
153 53
154 53
155 53
156 53
157 53
158 53
159 53
160 53
161 53
162 53
163 53
164 53
165 53
166 53
167 53
168 53
169 53
170 53
171 53
172 53
173 53
174 53
175 53
176 53
177 53
178 53
179 63
180 63
181 63
182 61
183 61
184 61
185 62
186 62
187 62
188 63
189 63
190 63
191 64
192 64
193 64
194 65
195 65
196 65
197 66
198 66
199 66
200 67
201 67
202 67
203 68
204 68
205 68
206 69
207 69
208 69
209 70
210 70
211 70
212 71
213 71
214 71
215 72
216 72
217 72
218 73
219 73
220 73
221 74
222 74
223 74
224 75
225 75
226 75
227 76
228 76
229 76
230 77
231 77
232 78
233 78
234 78
235 78
236 79
237 79
238 79
239 80
240 80
241 80
242 81
243 80
244 80
245 80
246 80
247 80
248 80
249 80
250 80
251 80
252 80
253 80
254 80
255 80
256 86
257 86
258 86
259 86
260 86
261 86
262 86
263 86
264 86
265 86
266 86
267 86
268 86
269 96
270 96
271 95
272 95
273 95
274 95
275 95
276 95
277 95
278 95
279 95
280 95
281 95
282 95
283 95
284 95
285 95
286 95
287 93
288 93
289 93
290 93
291 93
292 93
293 93
294 93
295 93
296 93
297 93
298 93
299 100
300 100
301 100
302 100
303 100
304 100
305 100
306 100
307 100
308 100
309 100
310 100
311 100
312 100
313 100
314 100
315 100
316 100
317 100
318 100
319 100
320 100
321 100
322 100
323 100
324 100
325 100
326 100
327 100
328 100
329 100
330 100
331 100
332 100
333 100
334 100
335 100
336 100
337 100
338 100
339 100
340 100
341 100
342 100
343 111
344 111
345 111
346 111
347 111
348 111
349 111
350 111
351 111
352 111
353 111
354 111
355 111
356 111
357 111
358 111
359 121
360 121
361 121
362 121
363 121
364 121
365 121
366 121
367 121
368 121
369 121
370 121
371 121
372 121
373 121
374 111
375 121
376 121
377 121
378 121
379 121
380 121
381 121
382 121
383 121
384 121
385 121
386 121
387 121
388 121
389 131
390 131
391 131
392 131
393 131
394 132
395 132
396 132
397 132
398 132
399 132
400 132
401 132
402 132
403 132
404 132
405 132
406 132
407 132
408 132
409 132
410 132
411 132
412 132
413 132
414 132
415 132
416 132
417 132
418 132
419 132
420 132
421 132
422 132
423 132
424 132
425 132
426 132
427 132
428 132
429 132
430 132
431 132
432 132
433 132
434 132
435 132
436 132
437 132
438 132
439 132
440 132
441 132
442 132
443 132
444 132
445 132
446 132
447 132
448 132
449 132
450 132
451 132
452 132
453 132
454 132
455 132
456 132
457 132
458 132
459 132
460 132
461 132
462 132
463 132
464 132
465 132
466 132
467 132
468 132
469 132
470 132
471 132
472 132
473 132
474 132
475 132
476 132
477 132
478 132
479 132
480 132
481 132
482 132
483 132
484 132
485 132
486 132
487 132
488 132
489 132
490 132
491 132
492 132
493 132
494 132
495 132
496 132
497 132
498 132
499 132
500 132
501 132
502 132
503 132
504 132
505 132
506 132
507 132
508 132
509 132
510 132
511 180
512 180
513 180
514 180
515 180
516 180
517 180
518 180
519 180
520 180
521 180
522 180
523 180
524 180
525 180
526 180
527 180
528 180
529 180
530 180
531 180
532 180
533 180
534 180
535 180
536 180
537 180
538 180
539 180
540 180
541 180
542 180
543 180
544 180
545 180
546 180
547 180
548 180
549 180
550 180
551 180
552 180
553 180
554 180
555 180
556 180
557 180
558 180
559 180
560 180
561 187
562 187
563 187
564 187
565 187
566 187
567 187
568 187
569 187
570 187
571 187
572 187
573 187
574 187
575 187
576 187
577 187
578 187
579 187
580 187
581 135
582 135
583 135
584 135
585 135
586 135
587 135
588 135
589 135
590 135
591 135
592 135
593 135
594 135
595 135
596 135
597 135
598 135
599 235
600 235
601 235
602 235
603 235
604 235
605 222
606 222
607 222
608 222
609 222
610 222
611 222
612 222
613 222
614 222
615 222
616 222
617 222
618 222
619 222
620 222
621 452
622 452
623 452
624 452
625 452
626 452
627 452
628 452
629 452
630 452
631 452
632 452
633 452
634 452
635 452
636 452
637 452
638 452
639 222
640 452
641 639
642 639
643 639
644 639
645 639
646 639
647 639
648 639
649 639
650 639
651 639
652 639
653 639
654 639
655 639
656 639
657 639
658 639
659 639
660 639
661 626
662 626
663 626
664 626
665 626
666 626
667 626
668 626
669 626
670 626
671 626
672 626
673 626
674 626
675 626
676 626
677 626
678 626
679 626
680 626
681 626
682 626
683 626
684 626
685 626
686 626
687 626
688 626
689 626
690 626
691 626
692 626
693 626
694 626
695 626
696 626
697 626
698 626
699 626
700 626
701 234
702 234
703 234
704 234
705 324
706 324
707 324
708 324
709 324
710 324
711 324
712 324
713 324
714 324
715 324
716 324
717 324
718 324
719 718
720 718
721 718
722 718
723 718
724 718
725 718
726 718
727 718
728 718
729 718
730 718
731 718
732 718
733 718
734 718
735 718
736 718
737 718
738 718
739 718
740 718
741 247
742 247
743 248
744 248
745 248
746 249
747 249
748 249
749 250
750 250
751 250
752 251
753 251
754 251
755 251
756 251
757 251
758 251
759 251
760 251
761 400
762 400
763 400
764 400
765 400
766 400
767 400
768 400
769 400
770 400
771 400
772 400
773 400
774 400
775 400
776 400
777 400
778 400
779 400
780 400
781 400
782 400
783 400
784 400
785 400
786 400
787 400
788 400
789 400
790 400
791 400
792 400
793 400
794 400
795 400
796 400
797 400
798 400
799 400
800 400
801 400
802 400
803 400
804 400
805 400
806 400
807 400
808 400
809 400
810 400
811 400
812 400
813 400
814 400
815 400
816 400
817 400
818 400
819 400
820 400
821 400
822 400
823 400
824 400
825 400
826 400
827 400
828 400
829 400
830 400
831 400
832 400
833 400
834 400
835 400
836 400
837 400
838 400
839 400
840 400
841 400
842 400
843 400
844 400
845 400
846 400
847 400
848 400
849 400
850 400
851 400
852 400
853 400
854 400
855 400
856 400
857 400
858 400
859 400
860 400
861 400
862 400
863 400
864 400
865 400
866 400
867 400
868 400
869 400
870 400
871 400
872 400
873 400
874 400
875 400
876 400
877 400
878 400
879 400
880 400
881 400
882 400
883 400
884 400
885 400
886 400
887 400
888 400
889 400
890 400
891 400
892 400
893 400
894 400
895 400
896 400
897 400
898 400
899 400
900 400
901 400
902 400
903 400
904 400
905 400
906 400
907 400
908 400
909 400
910 400
911 400
912 400
913 400
914 400
915 400
916 400
917 400
918 400
919 400
920 400
921 400
922 400
923 400
924 400
925 400
926 400
927 400
928 400
929 714
930 714
931 714
932 714
933 714
934 714
935 714
936 714
937 714
938 714
939 714
940 714
941 714
942 714
943 714
944 714
945 714
946 714
947 714
948 714
949 714
950 714
951 714
952 714
953 821
954 821
955 821
956 821
957 821
958 821
959 821
960 821
961 821
962 821
963 821
964 821
965 821
966 821
967 821
968 821
969 821
970 821
971 821
972 821
973 821
974 821
975 821
976 821
977 821
978 821
979 821
980 821
981 821
982 821
983 821
984 927
985 927
986 927
987 927
988 927
989 927
990 927
991 927
992 927
993 927
994 927
995 927
996 927
997 927
998 927
999 927
1000 57
1001 57
1002 57
1003 57
1004 57
1005 57
1006 57
1007 57
1008 57
1009 57
1010 57
1011 57
1012 57
1013 57
1014 57
1015 57
1016 57
1017 57
1018 57
1019 57
1020 57
1021 57
1022 57
1023 57
1024 57
1025 57
1026 57
1027 57
1028 57
1029 57
1030 57
1031 57
1032 57
1033 57
1034 57
1035 57
1036 57
1037 57
1038 57
1039 57
1040 57
1041 57
1042 57
1043 57
1044 57
1045 57
1046 57
1047 57
1048 57
1049 57
1050 57
1051 57
1052 57
1053 57
1054 57
1055 57
1056 118
1057 118
1058 118
1059 118
1060 118
1061 118
1062 118
1063 118
1064 118
1065 118
1066 118
1067 118
1068 118
1069 118
1070 118
1071 118
1072 118
1073 118
1074 118
1075 118
1076 118
1077 118
1078 118
1079 118
1080 118
1081 118
1082 118
1083 118
1084 118
1085 118
1086 118
1087 118
1088 118
1089 118
1090 118
1091 118
1092 118
1093 118
1094 118
1095 118
1096 118
1097 118
1098 118
1099 118
1100 118
1101 118
1102 118
1103 118
1104 118
1105 118
1106 118
1107 118
1108 118
1109 118
1110 118
1111 370
1112 118
1113 118
1114 118
1115 118
1116 118
1117 118
1118 118
1119 118
1120 118
1121 118
1122 118
1123 118
1124 118
1125 118
1126 118
1127 118
1128 118
1129 118
1130 118
1131 118
1132 118
1133 118
1134 118
1135 118
1136 118
1137 118
1138 118
1139 118
1140 118
1141 118
1142 118
1143 118
1144 118
1145 118
1146 118
1147 118
1148 118
1149 118
1150 118
1151 118
1152 118
1153 118
1154 118
1155 118
1156 118
1157 118
1158 118
1159 118
1160 118
1161 1079
1162 1079
1163 1079
1164 1079
1165 1079
1166 1079
1167 1079
1168 1079
1169 1079
1170 1079
1171 1079
1172 1079
1173 1079
1174 1079
1175 1079
1176 1079
1177 1079
1178 1079
1179 1079
1180 1079
1181 1079
1182 1079
1183 1079
1184 1079
1185 1079
1186 1079
1187 1079
1188 1079
1189 1079
1190 1079
1191 1079
1192 1079
1193 1079
1194 1079
1195 1079
1196 1079
1197 1079
1198 1079
1199 1079
1200 1079
1201 1079
1202 1079
1203 1079
1204 1079
1205 1079
1206 1079
1207 1079
1208 1079
1209 1079
1210 1079
1211 1079
1212 1079
1213 1079
1214 1079
1215 1079
1216 1079
1217 1079
1218 1079
1219 1079
1220 1079
1221 1079
1222 1079
1223 1079
1224 1079
1225 1079
1226 1079
1227 1079
1228 1079
1229 1079
1230 1079
1231 110
1232 110
1233 110
1234 110
1235 110
1236 110
1237 110
1238 110
1239 110
1240 110
1241 110
1242 110
1243 110
1244 110
1245 110
1246 110
1247 110
1248 110
1249 110
1250 110
1251 110
1252 110
1253 110
1254 110
1255 110
1256 110
1257 110
1258 110
1259 110
1260 110
1261 110
1262 110
1263 110
1264 110
1265 110
1266 110
1267 110
1268 110
1269 110
1270 110
1271 110
1272 110
1273 110
1274 110
1275 110
1276 110
1277 110
1278 110
1279 110
1280 110
1281 88
1282 88
1283 88
1284 88
1285 88
1286 88
1287 88
1288 88
1289 88
1290 88
1291 88
1292 88
1293 88
1294 88
1295 88
1296 88
1297 88
1298 88
1299 433
1300 88
1301 88
1302 434
1303 434
1304 88
1305 88
1306 435
1307 436
1308 88
1309 436
1310 437
1311 88
1312 437
1313 88
1314 88
1315 88
1316 88
1317 439
1318 88
1319 440
1320 88
1321 440
1322 441
1323 441
1324 88
1325 442
1326 442
1327 88
1328 443
1329 88
1330 88
1331 444
1332 88
1333 88
1334 445
1335 445
1336 445
1337 88
1338 446
1339 88
1340 447
1341 447
1342 88
1343 448
1344 88
1345 88
1346 449
1347 88
1348 449
1349 88
1350 450
1351 88
1352 1234
1353 1234
1354 1234
1355 1234
1356 1234
1357 1234
1358 1234
1359 1234
1360 1234
1361 1234
1362 1234
1363 1234
1364 1234
1365 1234
1366 1234
1367 1234
1368 1234
1369 1234
1370 1234
1371 1234
1372 1234
1373 1234
1374 1234
1375 1234
1376 1234
1377 1234
1378 1234
1379 1234
1380 1234
1381 1234
1382 1234
1383 1234
1384 1234
1385 1234
1386 1234
1387 1234
1388 1234
1389 1234
1390 1234
1391 1234
1392 1234
1393 1234
1394 1234
1395 1234
1396 1234
1397 1234
1398 1234
1399 1234
1400 1234
1401 1234
1402 1234
1403 1234
1404 1234
1405 1234
1406 1234
1407 1234
1408 1234
1409 1234
1410 1234
1411 1234
1412 1234
1413 1234
1414 1234
1415 1234
1416 1234
1417 1234
1418 1234
1419 1234
1420 1234
1421 1234
1422 1234
1423 1234
1424 1234
1425 1234
1426 1234
1427 1234
1428 1234
1429 1234
1430 1234
1431 477
1432 477
1433 478
1434 478
1435 478
1436 479
1437 479
1438 479
1439 480
1440 480
1441 480
1442 481
1443 481
1444 481
1445 482
1446 482
1447 482
1448 483
1449 483
1450 483
1451 484
1452 484
1453 484
1454 485
1455 485
1456 485
1457 486
1458 486
1459 486
1460 487
1461 487
1462 487
1463 488
1464 488
1465 488
1466 489
1467 489
1468 489
1469 490
1470 490
1471 490
1472 491
1473 491
1474 491
1475 492
1476 492
1477 492
1478 493
1479 493
1480 493
1481 494
1482 494
1483 494
1484 495
1485 495
1486 495
1487 496
1488 496
1489 496
1490 497
1491 497
1492 497
1493 498
1494 498
1495 498
1496 499
1497 499
1498 499
1499 500
1500 500
1501 500
1502 501
1503 501
1504 501
1505 502
1506 502
1507 502
1508 503
1509 503
1510 503
1511 504
1512 504
1513 504
1514 505
1515 505
1516 505
1517 506
1518 506
1519 506
1520 507
1521 507
1522 507
1523 508
1524 508
1525 508
1526 509
1527 509
1528 509
1529 510
1530 510
1531 510
1532 511
1533 511
1534 511
1535 512
1536 512
1537 512
1538 513
1539 513
1540 513
1541 514
1542 514
1543 514
1544 515
1545 515
1546 515
1547 516
1548 516
1549 516
1550 517
1551 517
1552 517
1553 518
1554 518
1555 518
1556 519
1557 519
1558 519
1559 520
1560 520
1561 520
1562 521
1563 521
1564 521
1565 522
1566 522
1567 522
1568 523
1569 523
1570 523
1571 524
1572 524
1573 524
1574 525
1575 525
1576 525
1577 526
1578 526
1579 526
1580 527
1581 527
1582 527
1583 528
1584 528
1585 528
1586 529
1587 529
1588 529
1589 530
1590 530
1591 530
1592 531
1593 531
1594 531
1595 532
1596 532
1597 532
1598 533
1599 533
1600 533
1601 534
1602 534
1603 534
1604 535
1605 535
1606 535
1607 536
1608 536
1609 536
1610 537
1611 537
1612 537
1613 538
1614 538
1615 538
1616 539
1617 539
1618 539
1619 540
1620 540
1621 540
1622 541
1623 541
1624 541
1625 542
1626 542
1627 542
1628 543
1629 543
1630 543
1631 544
1632 544
1633 544
1634 545
1635 545
1636 545
1637 546
1638 546
1639 546
1640 547
1641 547
1642 547
1643 548
1644 548
1645 548
1646 549
1647 549
1648 549
1649 550
1650 550
1651 550
1652 551
1653 551
1654 551
1655 552
1656 552
1657 552
1658 553
1659 553
1660 553
1661 554
1662 554
1663 554
1664 555
1665 555
1666 555
1667 556
1668 556
1669 556
1670 557
1671 557
1672 557
1673 558
1674 558
1675 558
1676 559
1677 559
1678 559
1679 560
1680 560
1681 560
1682 561
1683 561
1684 561
1685 562
1686 562
1687 562
1688 563
1689 563
1690 563
1691 564
1692 564
1693 564
1694 565
1695 565
1696 565
1697 566
1698 566
1699 566
1700 567
1701 567
1702 567
1703 568
1704 568
1705 568
1706 569
1707 569
1708 569
1709 570
1710 570
1711 570
1712 571
1713 571
1714 571
1715 572
1716 572
1717 572
1718 573
1719 573
1720 573
1721 574
1722 574
1723 574
1724 575
1725 575
1726 575
1727 576
1728 576
1729 576
1730 577
1731 577
1732 577
1733 578
1734 578
1735 578
1736 579
1737 579
1738 579
1739 580
1740 580
1741 580
1742 581
1743 581
1744 581
1745 582
1746 582
1747 582
1748 583
1749 583
1750 583
1751 584
1752 584
1753 584
1754 585
1755 585
1756 585
1757 586
1758 586
1759 586
1760 587
1761 587
1762 587
1763 588
1764 588
1765 588
1766 589
1767 589
1768 589
1769 590
1770 590
1771 590
1772 591
1773 591
1774 591
1775 592
1776 592
1777 592
1778 593
1779 593
1780 593
1781 594
1782 594
1783 594
1784 595
1785 595
1786 595
1787 596
1788 596
1789 596
1790 597
1791 597
1792 597
1793 598
1794 598
1795 598
1796 599
1797 599
1798 599
1799 600
1800 600
1801 600
1802 601
1803 601
1804 601
1805 602
1806 602
1807 602
1808 603
1809 603
1810 603
1811 604
1812 604
1813 604
1814 605
1815 605
1816 605
1817 606
1818 606
1819 606
1820 607
1821 607
1822 607
1823 608
1824 608
1825 608
1826 609
1827 609
1828 609
1829 610
1830 610
1831 610
1832 611
1833 611
1834 611
1835 612
1836 612
1837 612
1838 613
1839 613
1840 613
1841 614
1842 614
1843 614
1844 615
1845 615
1846 615
1847 616
1848 616
1849 616
1850 617
1851 617
1852 617
1853 618
1854 618
1855 618
1856 619
1857 619
1858 619
1859 620
1860 620
1861 620
1862 621
1863 621
1864 621
1865 622
1866 622
1867 622
1868 623
1869 623
1870 623
1871 624
1872 624
1873 624
1874 625
1875 625
1876 625
1877 626
1878 626
1879 626
1880 627
1881 627
1882 627
1883 628
1884 628
1885 628
1886 629
1887 629
1888 629
1889 630
1890 630
1891 630
1892 631
1893 631
1894 631
1895 632
1896 632
1897 632
1898 633
1899 633
1900 633
1901 634
1902 634
1903 634
1904 635
1905 635
1906 635
1907 636
1908 636
1909 636
1910 637
1911 637
1912 637
1913 638
1914 638
1915 638
1916 639
1917 639
1918 639
1919 640
1920 640
1921 640
1922 641
1923 641
1924 641
1925 642
1926 642
1927 642
1928 643
1929 643
1930 643
1931 644
1932 644
1933 644
1934 645
1935 645
1936 645
1937 646
1938 646
1939 646
1940 647
1941 647
1942 647
1943 648
1944 648
1945 648
1946 649
1947 649
1948 649
1949 650
1950 650
1951 650
1952 651
1953 651
1954 651
1955 652
1956 652
1957 652
1958 653
1959 653
1960 653
1961 654
1962 654
1963 654
1964 655
1965 655
1966 655
1967 656
1968 656
1969 656
1970 657
1971 657
1972 657
1973 658
1974 658
1975 658
1976 659
1977 659
1978 659
1979 660
1980 660
1981 660
1982 661
1983 661
1984 661
1985 662
1986 662
1987 662
1988 663
1989 663
1990 663
1991 664
1992 664
1993 664
1994 665
1995 665
1996 665
1997 666
1998 666
1999 666
2000 667
2001 667
2002 667
2003 668
2004 668
2005 668
2006 669
2007 669
2008 669
2009 670
2010 670
2011 670
2012 671
2013 671
2014 671
2015 672
2016 672
2017 672
2018 673
2019 673
2020 673
2021 674
2022 674
2023 674
2024 675
2025 675
2026 675
2027 676
2028 676
2029 676
2030 677
2031 677
2032 677
2033 678
2034 678
2035 678
2036 679
2037 679
2038 679
2039 680
2040 680
2041 680
2042 681
2043 681
2044 681
2045 682
2046 682
2047 682
2048 683
2049 683
2050 683
2051 684
2052 684
2053 684
2054 685
2055 685
2056 685
2057 686
2058 686
2059 686
2060 687
2061 687
2062 687
2063 688
2064 688
2065 688
2066 689
2067 689
2068 689
2069 690
2070 690
2071 690
2072 691
2073 691
2074 691
2075 692
2076 692
2077 692
2078 693
2079 693
2080 693
2081 694
2082 694
2083 694
2084 695
2085 695
2086 695
2087 696
2088 696
2089 696
2090 697
2091 697
2092 697
2093 698
2094 698
2095 698
2096 699
2097 699
2098 699
2099 700
2100 700
2101 700
2102 701
2103 701
2104 701
2105 702
2106 702
2107 702
2108 703
2109 703
2110 703
2111 704
2112 704
2113 704
2114 705
2115 705
2116 705
2117 706
2118 706
2119 706
2120 707
2121 707
2122 707
2123 708
2124 708
2125 708
2126 709
2127 709
2128 709
2129 710
2130 710
2131 710
2132 711
2133 711
2134 711
2135 712
2136 712
2137 712
2138 713
2139 713
2140 713
2141 714
2142 714
2143 714
2144 715
2145 715
2146 715
2147 716
2148 716
2149 716
2150 717
2151 717
2152 717
2153 718
2154 718
2155 718
2156 719
2157 719
2158 719
2159 720
2160 720
2161 720
2162 721
2163 721
2164 721
2165 722
2166 722
2167 722
2168 723
2169 723
2170 723
2171 724
2172 724
2173 724
2174 725
2175 725
2176 725
2177 726
2178 726
2179 726
2180 727
2181 727
2182 727
2183 728
2184 728
2185 728
2186 729
2187 729
2188 729
2189 730
2190 730
2191 730
2192 731
2193 731
2194 731
2195 732
2196 732
2197 732
2198 733
2199 733
2200 733
2201 734
2202 734
2203 734
2204 735
2205 735
2206 735
2207 736
2208 736
2209 736
2210 737
2211 737
2212 737
2213 738
2214 738
2215 738
2216 739
2217 739
2218 739
2219 740
2220 740
2221 740
2222 741
2223 741
2224 741
2225 742
2226 742
2227 742
2228 743
2229 743
2230 743
2231 744
2232 744
2233 744
2234 745
2235 745
2236 745
2237 746
2238 746
2239 746
2240 747
2241 747
2242 747
2243 748
2244 748
2245 748
2246 749
2247 749
2248 749
2249 750
2250 750
2251 750
2252 751
2253 751
2254 751
2255 752
2256 752
2257 752
2258 753
2259 753
2260 753
2261 754
2262 754
2263 754
2264 755
2265 755
2266 755
2267 756
2268 756
2269 756
2270 757
2271 757
2272 757
2273 758
2274 758
2275 758
2276 759
2277 759
2278 759
2279 760
2280 760
2281 760
2282 761
2283 761
2284 761
2285 762
2286 762
2287 762
2288 763
2289 763
2290 763
2291 764
2292 764
2293 764
2294 765
2295 765
2296 765
2297 766
2298 766
2299 766
2300 767
2301 767
2302 767
2303 768
2304 768
2305 768
2306 769
2307 769
2308 769
2309 770
2310 770
2311 770
2312 771
2313 771
2314 771
2315 772
2316 772
2317 772
2318 773
2319 773
2320 773
2321 774
2322 774
2323 774
2324 775
2325 775
2326 775
2327 776
2328 776
2329 776
2330 777
2331 777
2332 777
2333 778
2334 778
2335 778
2336 779
2337 779
2338 779
2339 780
2340 780
2341 780
2342 781
2343 781
2344 781
2345 782
2346 782
2347 782
2348 783
2349 783
2350 783
2351 784
2352 784
2353 784
2354 785
2355 785
2356 785
2357 786
2358 786
2359 786
2360 787
2361 787
2362 787
2363 788
2364 788
2365 788
2366 789
2367 789
2368 789
2369 790
2370 790
2371 790
2372 791
2373 791
2374 791
2375 792
2376 792
2377 792
2378 793
2379 793
2380 793
2381 794
2382 794
2383 794
2384 795
2385 795
2386 795
2387 796
2388 796
2389 796
2390 797
2391 797
2392 797
2393 798
2394 798
2395 798
2396 799
2397 799
2398 799
2399 800
2400 800
2401 800
2402 801
2403 801
2404 801
2405 802
2406 802
2407 802
2408 803
2409 803
2410 803
2411 804
2412 804
2413 804
2414 805
2415 805
2416 805
2417 806
2418 806
2419 806
2420 807
2421 807
2422 807
2423 808
2424 808
2425 808
2426 809
2427 809
2428 809
2429 810
2430 810
2431 810
2432 811
2433 811
2434 811
2435 812
2436 812
2437 812
2438 813
2439 813
2440 813
2441 814
2442 814
2443 814
2444 815
2445 815
2446 815
2447 816
2448 816
2449 816
2450 817
2451 817
2452 817
2453 818
2454 818
2455 818
2456 819
2457 819
2458 819
2459 820
2460 820
2461 820
2462 821
2463 821
2464 821
2465 822
2466 822
2467 822
2468 823
2469 823
2470 823
2471 824
2472 824
2473 824
2474 825
2475 825
2476 825
2477 826
2478 826
2479 826
2480 827
2481 827
2482 827
2483 828
2484 828
2485 828
2486 829
2487 829
2488 829
2489 830
2490 830
2491 830
2492 831
2493 831
2494 831
2495 832
2496 832
2497 832
2498 833
2499 833
2500 833
2501 834
2502 834
2503 834
2504 835
2505 835
2506 835
2507 836
2508 836
2509 836
2510 837
2511 837
2512 837
2513 838
2514 838
2515 838
2516 839
2517 839
2518 839
2519 840
2520 840
2521 840
2522 841
2523 841
2524 841
2525 842
2526 842
2527 842
2528 843
2529 843
2530 843
2531 844
2532 844
2533 844
2534 845
2535 845
2536 845
2537 846
2538 846
2539 846
2540 847
2541 847
2542 847
2543 848
2544 848
2545 848
2546 849
2547 849
2548 849
2549 850
2550 850
2551 850
2552 851
2553 851
2554 851
2555 852
2556 852
2557 852
2558 853
2559 853
2560 853
2561 854
2562 854
2563 854
2564 855
2565 855
2566 855
2567 856
2568 856
2569 856
2570 857
2571 857
2572 857
2573 858
2574 858
2575 858
2576 859
2577 859
2578 859
2579 860
2580 860
2581 860
2582 861
2583 861
2584 861
2585 862
2586 862
2587 862
2588 863
2589 863
2590 863
2591 864
2592 864
2593 864
2594 865
2595 865
2596 865
2597 866
2598 866
2599 866
2600 867
2601 867
2602 867
2603 868
2604 868
2605 868
2606 869
2607 869
2608 869
2609 870
2610 870
2611 870
2612 871
2613 871
2614 871
2615 872
2616 872
2617 872
2618 873
2619 873
2620 873
2621 874
2622 874
2623 874
2624 875
2625 875
2626 875
2627 876
2628 876
2629 876
2630 877
2631 877
2632 877
2633 878
2634 878
2635 878
2636 879
2637 879
2638 879
2639 880
2640 880
2641 880
2642 881
2643 881
2644 881
2645 882
2646 882
2647 882
2648 883
2649 883
2650 883
2651 884
2652 884
2653 884
2654 885
2655 885
2656 885
2657 886
2658 886
2659 886
2660 887
2661 887
2662 887
2663 888
2664 888
2665 888
2666 889
2667 889
2668 889
2669 890
2670 890
2671 890
2672 891
2673 891
2674 891
2675 892
2676 892
2677 892
2678 893
2679 893
2680 893
2681 894
2682 894
2683 894
2684 895
2685 895
2686 895
2687 896
2688 896
2689 896
2690 897
2691 897
2692 897
2693 898
2694 898
2695 898
2696 899
2697 899
2698 899
2699 900
2700 900
2701 900
2702 901
2703 901
2704 901
2705 902
2706 902
2707 902
2708 903
2709 903
2710 903
2711 904
2712 904
2713 904
2714 905
2715 905
2716 905
2717 906
2718 906
2719 906
2720 907
2721 907
2722 907
2723 908
2724 908
2725 908
2726 909
2727 909
2728 909
2729 910
2730 910
2731 910
2732 911
2733 911
2734 911
2735 912
2736 912
2737 912
2738 913
2739 913
2740 913
2741 914
2742 914
2743 914
2744 915
2745 915
2746 915
2747 916
2748 916
2749 916
2750 917
2751 917
2752 917
2753 918
2754 918
2755 918
2756 919
2757 919
2758 919
2759 920
2760 920
2761 920
2762 921
2763 921
2764 921
2765 922
2766 922
2767 922
2768 923
2769 923
2770 923
2771 924
2772 924
2773 924
2774 925
2775 925
2776 925
2777 926
2778 926
2779 926
2780 927
2781 927
2782 927
2783 928
2784 928
2785 928
2786 929
2787 929
2788 929
2789 930
2790 930
2791 930
2792 931
2793 931
2794 931
2795 932
2796 932
2797 932
2798 933
2799 933
2800 933
2801 934
2802 934
2803 934
2804 935
2805 935
2806 935
2807 936
2808 936
2809 936
2810 937
2811 937
2812 937
2813 938
2814 938
2815 938
2816 939
2817 939
2818 939
2819 940
2820 940
2821 940
2822 941
2823 941
2824 941
2825 942
2826 942
2827 942
2828 943
2829 943
2830 943
2831 944
2832 944
2833 944
2834 945
2835 945
2836 945
2837 946
2838 946
2839 946
2840 947
2841 947
2842 947
2843 948
2844 948
2845 948
2846 949
2847 949
2848 949
2849 950
2850 950
2851 950
2852 951
2853 951
2854 951
2855 952
2856 952
2857 952
2858 953
2859 953
2860 953
2861 954
2862 954
2863 954
2864 955
2865 955
2866 955
2867 956
2868 956
2869 956
2870 957
2871 957
2872 957
2873 958
2874 958
2875 958
2876 959
2877 959
2878 959
2879 960
2880 960
2881 960
2882 961
2883 961
2884 961
2885 962
2886 962
2887 962
2888 963
2889 963
2890 963
2891 964
2892 964
2893 964
2894 965
2895 965
2896 965
2897 966
2898 966
2899 966
2900 967
2901 967
2902 967
2903 968
2904 968
2905 968
2906 969
2907 969
2908 969
2909 970
2910 970
2911 970
2912 971
2913 971
2914 971
2915 972
2916 972
2917 972
2918 973
2919 973
2920 973
2921 974
2922 974
2923 974
2924 975
2925 975
2926 975
2927 976
2928 976
2929 976
2930 977
2931 977
2932 977
2933 978
2934 978
2935 978
2936 979
2937 979
2938 979
2939 980
2940 980
2941 980
2942 981
2943 981
2944 981
2945 982
2946 982
2947 982
2948 983
2949 983
2950 983
2951 984
2952 984
2953 984
2954 985
2955 985
2956 985
2957 986
2958 986
2959 986
2960 987
2961 987
2962 987
2963 988
2964 988
2965 988
2966 989
2967 989
2968 989
2969 990
2970 990
2971 990
2972 991
2973 991
2974 991
2975 992
2976 992
2977 992
2978 993
2979 993
2980 993
2981 994
2982 994
2983 994
2984 995
2985 995
2986 995
2987 996
2988 996
2989 996
2990 997
2991 997
2992 997
2993 998
2994 998
2995 998
2996 999
2997 999
2998 999
2999 1000
3000 1000
